,RN,RM,RMI,Emigranti,Imigranti,RS,Sal,CSom,AjSoc,Pensie,PopScolara,PaturiUS,Medici,VolumeB,SpectatoriS,VizitatoriM,SportiviL,PIB,SalariatiC,PAgrVeg,PAgrAnim,ServAgr,Silvicultura,SupLoc,DrumuriM,Innoptari,BugetVenituri,BugetSubventii,Apa,Canal,Export
RN,0.0,-0.0,-0.0,-11.0,-11.0,-0.0,36.0,-19.0,-3.0,-1.0,4.0,-28.0,8.0,-151.0,-1.0,57.0,1.0,660.0,12.0,-259.0,29.0,-100.0,0.0,-0.0,-34.0,515.0,-60.0,-12.0,-8.0,-5.0,63.0
RM,-0.0,4.0,0.0,-93.0,-450.0,1.0,-141.0,-3.0,8.0,-220.0,-34.0,4.0,-103.0,-723.0,10.0,-389.0,-3.0,-7420.0,-28.0,1037.0,1011.0,332.0,0.0,-3.0,89.0,-2252.0,-464.0,102.0,-2.0,-13.0,-1164.0
RMI,-0.0,0.0,5.0,5.0,-282.0,-3.0,135.0,61.0,-23.0,-42.0,-11.0,-99.0,-10.0,1345.0,-2.0,355.0,-4.0,3841.0,64.0,-29.0,278.0,-31.0,-0.0,-0.0,96.0,1095.0,1668.0,472.0,-6.0,-14.0,973.0
Emigranti,-11.0,-93.0,5.0,4503.0,21993.0,-4.0,3767.0,1077.0,-247.0,9209.0,860.0,1931.0,2726.0,45424.0,-307.0,5261.0,-64.0,148632.0,830.0,-11662.0,-37821.0,-348.0,-22.0,19.0,-1250.0,23249.0,14736.0,-1496.0,511.0,842.0,30479.0
Imigranti,-11.0,-450.0,-282.0,21993.0,158062.0,298.0,13993.0,1524.0,1366.0,45863.0,3967.0,7281.0,6845.0,201610.0,743.0,-10612.0,-479.0,-462944.0,3929.0,-28147.0,-157892.0,-16790.0,-103.0,-62.0,-14488.0,-175818.0,-43981.0,-28740.0,1369.0,3762.0,88948.0
RS,-0.0,1.0,-3.0,-4.0,298.0,3.0,-82.0,-1.0,29.0,10.0,-4.0,62.0,-46.0,-117.0,20.0,-286.0,-0.0,-7527.0,-26.0,356.0,238.0,-61.0,0.0,-0.0,-19.0,-2206.0,-940.0,-233.0,4.0,4.0,-304.0
Sal,36.0,-141.0,135.0,3767.0,13993.0,-82.0,17070.0,582.0,-1410.0,14914.0,1647.0,1951.0,6464.0,81381.0,-983.0,29068.0,-179.0,723660.0,4600.0,-68400.0,-38843.0,-14105.0,-48.0,-1.0,-3630.0,213975.0,45050.0,3535.0,-136.0,465.0,102382.0
CSom,-19.0,-3.0,61.0,1077.0,1524.0,-1.0,582.0,2090.0,36.0,84.0,-236.0,-663.0,-701.0,35178.0,298.0,3724.0,-62.0,-31123.0,572.0,8636.0,2064.0,-618.0,2.0,19.0,2556.0,-20290.0,28272.0,6588.0,228.0,-12.0,19565.0
AjSoc,-3.0,8.0,-23.0,-247.0,1366.0,29.0,-1410.0,36.0,306.0,-926.0,-113.0,-10.0,-747.0,-4070.0,245.0,-2805.0,17.0,-99072.0,-364.0,5113.0,4570.0,-982.0,5.0,7.0,55.0,-27262.0,-7171.0,-1542.0,4.0,-43.0,-5627.0
Pensie,-1.0,-220.0,-42.0,9209.0,45863.0,10.0,14914.0,84.0,-926.0,29499.0,3140.0,13089.0,11494.0,79344.0,-1744.0,19492.0,-130.0,956213.0,1942.0,-74390.0,-104280.0,-2246.0,-82.0,35.0,-7102.0,228031.0,-7614.0,-19609.0,1432.0,2623.0,98532.0
PopScolara,4.0,-34.0,-11.0,860.0,3967.0,-4.0,1647.0,-236.0,-113.0,3140.0,450.0,1260.0,1600.0,2760.0,-247.0,3577.0,30.0,138552.0,110.0,-13181.0,-12917.0,-1896.0,-7.0,22.0,-1216.0,37921.0,-1752.0,-3132.0,116.0,265.0,11528.0
PaturiUS,-28.0,4.0,-99.0,1931.0,7281.0,62.0,1951.0,-663.0,-10.0,13089.0,1260.0,14572.0,6065.0,-9416.0,-1189.0,-1675.0,-32.0,614131.0,-1909.0,-22171.0,-42888.0,13370.0,-43.0,-2.0,-1957.0,124670.0,-49932.0,-21383.0,1495.0,1850.0,18809.0
Medici,8.0,-103.0,-10.0,2726.0,6845.0,-46.0,6464.0,-701.0,-747.0,11494.0,1600.0,6065.0,6610.0,7768.0,-1257.0,14883.0,90.0,663580.0,285.0,-48699.0,-48139.0,-1900.0,-30.0,68.0,-3398.0,174265.0,-804.0,-10019.0,606.0,1076.0,44008.0
VolumeB,-151.0,-723.0,1345.0,45424.0,201610.0,-117.0,81381.0,35178.0,-4070.0,79344.0,2760.0,-9416.0,7768.0,1034928.0,2725.0,124902.0,-2689.0,718132.0,32272.0,-49322.0,-166339.0,-53960.0,-227.0,-181.0,18545.0,48585.0,579884.0,121982.0,2441.0,2768.0,666696.0
SpectatoriS,-1.0,10.0,-2.0,-307.0,743.0,20.0,-983.0,298.0,245.0,-1744.0,-247.0,-1189.0,-1257.0,2725.0,339.0,-2025.0,-9.0,-137991.0,29.0,7348.0,8647.0,-1745.0,7.0,-1.0,491.0,-35430.0,737.0,1397.0,-112.0,-201.0,-3566.0
VizitatoriM,57.0,-389.0,355.0,5261.0,-10612.0,-286.0,29068.0,3724.0,-2805.0,19492.0,3577.0,-1675.0,14883.0,124902.0,-2025.0,90574.0,378.0,1899427.0,6979.0,-175180.0,-76018.0,-50463.0,-24.0,409.0,-3175.0,570014.0,164855.0,13442.0,-86.0,150.0,243804.0
SportiviL,1.0,-3.0,-4.0,-64.0,-479.0,-0.0,-179.0,-62.0,17.0,-130.0,30.0,-32.0,90.0,-2689.0,-9.0,378.0,21.0,8314.0,-99.0,-1334.0,-434.0,-550.0,1.0,9.0,-101.0,3158.0,-541.0,-463.0,-1.0,-4.0,-224.0
PIB,660.0,-7420.0,3841.0,148632.0,-462944.0,-7527.0,723660.0,-31123.0,-99072.0,956213.0,138552.0,614131.0,663580.0,718132.0,-137991.0,1899427.0,8314.0,78365995.0,50698.0,-5091815.0,-3859184.0,-111515.0,-2775.0,7054.0,-194640.0,20816364.0,1128325.0,-640271.0,58188.0,86308.0,5145168.0
SalariatiC,12.0,-28.0,64.0,830.0,3929.0,-26.0,4600.0,572.0,-364.0,1942.0,110.0,-1909.0,285.0,32272.0,29.0,6979.0,-99.0,50698.0,1823.0,-9949.0,-585.0,-5000.0,-8.0,-21.0,-201.0,22805.0,22622.0,5987.0,-281.0,-198.0,25711.0
PAgrVeg,-259.0,1037.0,-29.0,-11662.0,-28147.0,356.0,-68400.0,8636.0,5113.0,-74390.0,-13181.0,-22171.0,-48699.0,-49322.0,7348.0,-175180.0,-1334.0,-5091815.0,-9949.0,525163.0,280781.0,118456.0,140.0,-867.0,36841.0,-1554307.0,-53273.0,67362.0,-45.0,-3643.0,-473741.0
PAgrAnim,29.0,1011.0,278.0,-37821.0,-157892.0,238.0,-38843.0,2064.0,4570.0,-104280.0,-12917.0,-42888.0,-48139.0,-166339.0,8647.0,-76018.0,-434.0,-3859184.0,-585.0,280781.0,473435.0,-7405.0,254.0,-454.0,27640.0,-910959.0,6666.0,78283.0,-6205.0,-10758.0,-272856.0
ServAgr,-100.0,332.0,-31.0,-348.0,-16790.0,-61.0,-14105.0,-618.0,-982.0,-2246.0,-1896.0,13370.0,-1900.0,-53960.0,-1745.0,-50463.0,-550.0,-111515.0,-5000.0,118456.0,-7405.0,79402.0,-53.0,-391.0,8167.0,-147768.0,-60853.0,510.0,2047.0,1870.0,-143351.0
Silvicultura,0.0,0.0,-0.0,-22.0,-103.0,0.0,-48.0,2.0,5.0,-82.0,-7.0,-43.0,-30.0,-227.0,7.0,-24.0,1.0,-2775.0,-8.0,140.0,254.0,-53.0,0.0,1.0,15.0,-625.0,50.0,37.0,-4.0,-7.0,-201.0
SupLoc,-0.0,-3.0,-0.0,19.0,-62.0,-0.0,-1.0,19.0,7.0,35.0,22.0,-2.0,68.0,-181.0,-1.0,409.0,9.0,7054.0,-21.0,-867.0,-454.0,-391.0,1.0,5.0,-22.0,2147.0,445.0,-134.0,6.0,3.0,878.0
DrumuriM,-34.0,89.0,96.0,-1250.0,-14488.0,-19.0,-3630.0,2556.0,55.0,-7102.0,-1216.0,-1957.0,-3398.0,18545.0,491.0,-3175.0,-101.0,-194640.0,-201.0,36841.0,27640.0,8167.0,15.0,-22.0,5959.0,-72027.0,32991.0,13129.0,186.0,-451.0,-8947.0
Innoptari,515.0,-2252.0,1095.0,23249.0,-175818.0,-2206.0,213975.0,-20290.0,-27262.0,228031.0,37921.0,124670.0,174265.0,48585.0,-35430.0,570014.0,3158.0,20816364.0,22805.0,-1554307.0,-910959.0,-147768.0,-625.0,2147.0,-72027.0,5860934.0,328797.0,-158316.0,7930.0,16193.0,1433881.0
BugetVenituri,-60.0,-464.0,1668.0,14736.0,-43981.0,-940.0,45050.0,28272.0,-7171.0,-7614.0,-1752.0,-49932.0,-804.0,579884.0,737.0,164855.0,-541.0,1128325.0,22622.0,-53273.0,6666.0,-60853.0,50.0,445.0,32991.0,328797.0,722358.0,174696.0,-1537.0,-4474.0,441470.0
BugetSubventii,-12.0,102.0,472.0,-1496.0,-28740.0,-233.0,3535.0,6588.0,-1542.0,-19609.0,-3132.0,-21383.0,-10019.0,121982.0,1397.0,13442.0,-463.0,-640271.0,5987.0,67362.0,78283.0,510.0,37.0,-134.0,13129.0,-158316.0,174696.0,62969.0,-1573.0,-2807.0,21764.0
Apa,-8.0,-2.0,-6.0,511.0,1369.0,4.0,-136.0,228.0,4.0,1432.0,116.0,1495.0,606.0,2441.0,-112.0,-86.0,-1.0,58188.0,-281.0,-45.0,-6205.0,2047.0,-4.0,6.0,186.0,7930.0,-1537.0,-1573.0,236.0,241.0,2512.0
Canal,-5.0,-13.0,-14.0,842.0,3762.0,4.0,465.0,-12.0,-43.0,2623.0,265.0,1850.0,1076.0,2768.0,-201.0,150.0,-4.0,86308.0,-198.0,-3643.0,-10758.0,1870.0,-7.0,3.0,-451.0,16193.0,-4474.0,-2807.0,241.0,334.0,3973.0
Export,63.0,-1164.0,973.0,30479.0,88948.0,-304.0,102382.0,19565.0,-5627.0,98532.0,11528.0,18809.0,44008.0,666696.0,-3566.0,243804.0,-224.0,5145168.0,25711.0,-473741.0,-272856.0,-143351.0,-201.0,878.0,-8947.0,1433881.0,441470.0,21764.0,2512.0,3973.0,866220.0
